00:00:03.14 2.8 16.5 12.3
00:00:03.64 2.8 16.5 12.3
00:00:04.14 2.8 16.5 12.3
00:00:04.65 2.8 16.5 12.4
00:00:05.55 2.8 16.5 12.4
00:00:06.06 2.7 16.6 12.4
00:00:06.57 2.6 16.7 12.3
00:00:07.08 2.3 16.9 12.2
00:00:07.59 2.1 17.1 12
00:00:08.39 2.1 17.1 11.9
00:00:08.89 2.3 17 11.9
00:00:09.39 2.3 16.9 12.1
00:00:09.90 2.4 16.7 12.1
00:00:10.40 2.4 16.7 12.1
00:00:10.90 2.5 16.6 12.1
00:00:11.41 2.5 16.6 12.2
00:00:11.91 2.5 16.7 12.2
00:00:12.41 2.6 16.7 12.3
00:00:12.91 2.6 16.7 12.3
00:00:13.41 2.6 16.7 12.3
00:00:13.91 2.6 16.7 12.3
00:00:14.42 2.6 16.7 12.2
00:00:14.92 2.6 16.7 12.2
00:00:15.42 2.6 16.7 12.2
00:00:15.92 2.6 16.7 12.2
00:00:16.42 2.6 16.7 12.2
00:00:16.93 2.6 16.7 12.2
00:00:17.44 2.6 16.7 12.2
00:00:17.95 2.6 16.7 12.2
00:00:18.46 2.6 16.7 12.2
00:00:18.97 2.6 16.7 12.2
00:00:19.48 2.6 16.7 12.2
00:00:19.99 2.6 16.7 12.2
00:00:20.50 2.6 16.7 12.2
00:00:21.01 2.6 16.7 12.2
00:00:21.52 2.6 16.7 12.2
00:00:22.03 2.6 16.7 12.2
00:00:22.54 2.6 16.7 12.2
00:00:23.05 2.6 16.7 12.2
00:00:23.56 2.6 16.7 12.2
00:00:24.07 2.6 16.7 12.2
00:00:24.58 2.6 16.7 12.2
00:00:25.09 2.6 16.6 12.2
00:00:25.60 2.6 16.7 12.2
00:00:26.11 2.6 16.6 12.2
00:00:26.62 2.6 16.6 12.2
00:00:27.13 2.6 16.7 12.2
00:00:27.64 2.6 16.7 12.2
00:00:28.15 2.6 16.7 12.2
00:00:28.66 2.6 16.7 12.2
00:00:29.17 2.6 16.6 12.2
00:00:29.68 2.6 16.6 12.3
00:00:30.19 2.6 16.6 12.3
00:00:30.70 2.6 16.6 12.3
00:00:31.21 2.6 16.6 12.3
00:00:31.72 2.6 16.6 12.3
00:00:32.23 2.6 16.6 12.3
00:00:32.74 2.6 16.6 12.3
00:00:33.25 2.6 16.6 12.3
00:00:33.76 2.6 16.6 12.3
00:00:34.27 2.6 16.6 12.3
00:00:34.78 2.6 16.6 12.3
00:00:35.29 2.6 16.6 12.3
00:00:35.80 2.6 16.6 12.3
00:00:36.31 2.6 16.6 12.3
00:00:36.82 2.6 16.6 12.3
00:00:37.33 2.6 16.6 12.3
00:00:37.84 2.6 16.6 12.3
00:00:38.35 2.6 16.6 12.3
00:00:38.86 2.6 16.6 12.3
00:00:39.37 2.6 16.6 12.4
00:00:39.88 2.6 16.6 12.4
00:00:40.39 2.6 16.6 12.4
00:00:40.90 2.6 16.6 12.4
00:00:41.41 2.6 16.6 12.4
00:00:41.92 2.6 16.6 12.4
00:00:42.43 2.6 16.6 12.4
00:00:42.94 2.6 16.6 12.4
00:00:43.45 2.6 16.6 12.4
00:00:43.96 2.6 16.6 12.4
00:00:44.47 2.6 16.6 12.4
00:00:44.98 2.6 16.6 12.4
00:00:45.49 2.6 16.6 12.4
00:00:46.00 2.6 16.6 12.4
00:00:46.51 2.6 16.6 12.4
00:00:47.02 2.6 16.6 12.4
00:00:47.53 2.6 16.6 12.4
00:00:48.04 2.6 16.6 12.4
00:00:48.55 2.6 16.6 12.4
00:00:49.06 2.6 16.5 12.4
00:00:49.57 2.6 16.5 12.4
00:00:50.08 2.6 16.6 12.4
00:00:50.59 2.6 16.6 12.4
00:00:51.10 2.6 16.6 12.4
00:00:51.61 2.6 16.6 12.4
00:00:52.12 2.6 16.5 12.4
00:00:52.63 2.6 16.5 12.4
00:00:53.14 2.6 16.5 12.4
00:00:53.65 2.6 16.5 12.4
00:00:54.16 2.6 16.5 12.4
00:00:54.67 2.6 16.5 12.4
00:00:55.18 2.6 16.5 12.4
00:00:55.69 2.6 16.5 12.4
00:00:56.20 2.6 16.5 12.5
00:00:56.71 2.6 16.5 12.5
00:00:57.22 2.6 16.5 12.5
00:00:57.73 2.6 16.5 12.5
00:00:58.24 2.6 16.5 12.5
00:00:58.75 2.6 16.5 12.5
00:00:59.26 2.6 16.5 12.5
00:00:59.77 2.6 16.5 12.5
00:01:00.28 2.6 16.5 12.5
00:01:00.79 2.6 16.5 12.5
00:01:01.30 2.6 16.5 12.5
00:01:01.81 2.6 16.5 12.5
00:01:02.32 2.6 16.5 12.5
00:01:02.83 2.6 16.5 12.5
00:01:03.34 2.6 16.5 12.5
00:01:03.85 2.6 16.5 12.5
00:01:04.36 2.6 16.5 12.5
00:01:04.87 2.6 16.5 12.5
00:01:05.38 2.6 16.5 12.5
00:01:05.89 2.6 16.5 12.5
00:01:06.40 2.6 16.5 12.5
00:01:06.91 2.6 16.5 12.5
00:01:07.42 2.6 16.5 12.5
00:01:07.93 2.6 16.5 12.5
00:01:08.44 2.6 16.5 12.5
00:01:08.95 2.6 16.5 12.5
00:01:09.46 2.6 16.5 12.5
00:01:09.97 2.6 16.5 12.5
00:01:10.48 2.6 16.5 12.5
00:01:10.99 2.6 16.5 12.5
00:01:11.50 2.6 16.5 12.5
00:01:12.01 2.6 16.5 12.5
00:01:12.52 2.6 16.4 12.5
00:01:13.03 2.6 16.4 12.5
00:01:13.54 2.6 16.4 12.5
00:01:14.05 2.6 16.4 12.5
00:01:14.56 2.6 16.4 12.5
00:01:15.07 2.6 16.4 12.5
00:01:15.58 2.6 16.4 12.5
00:01:16.09 2.6 16.4 12.5
00:01:16.60 2.6 16.4 12.5
00:01:17.11 2.6 16.4 12.5
00:01:17.62 2.6 16.4 12.5
00:01:18.13 2.6 16.4 12.5
00:01:18.64 2.6 16.4 12.5
00:01:19.15 2.6 16.4 12.5
00:01:19.66 2.6 16.4 12.5
00:01:20.17 2.6 16.4 12.5
00:01:20.68 2.6 16.4 12.5
00:01:21.19 2.6 16.4 12.5
00:01:21.70 2.6 16.4 12.5
00:01:22.21 2.6 16.4 12.5
00:01:22.72 2.6 16.4 12.5
00:01:23.23 2.6 16.4 12.5
00:01:23.74 2.6 16.4 12.5
00:01:24.25 2.6 16.4 12.5
00:01:24.76 2.6 16.4 12.5
00:01:25.27 2.6 16.4 12.5
00:01:25.78 2.6 16.4 12.5
00:01:26.29 2.6 16.4 12.5
00:01:26.80 2.6 16.4 12.5
00:01:27.31 2.6 16.4 12.5
00:01:27.82 2.6 16.4 12.5
00:01:28.33 2.6 16.4 12.5
00:01:28.84 2.6 16.4 12.5
00:01:29.35 2.6 16.4 12.5
00:01:29.86 2.6 16.4 12.5
00:01:30.37 2.6 16.4 12.5
00:01:30.88 2.6 16.4 12.5
00:01:31.39 2.6 16.4 12.5
00:01:31.90 2.6 16.4 12.5
00:01:32.41 2.6 16.4 12.5
00:01:32.92 2.6 16.4 12.5
00:01:33.43 2.6 16.4 12.5
00:01:33.94 2.6 16.4 12.5
00:01:34.45 2.6 16.4 12.5
00:01:34.96 2.6 16.4 12.5
00:01:35.47 2.6 16.4 12.5
00:01:35.98 2.6 16.3 12.5
00:01:36.49 2.6 16.3 12.5
00:01:37.00 2.6 16.4 12.5
00:01:37.51 2.6 16.4 12.5
00:01:38.02 2.6 16.4 12.6
00:01:38.53 2.6 16.4 12.6
00:01:39.04 2.6 16.4 12.6
00:01:39.55 2.6 16.3 12.6
00:01:40.06 2.6 16.4 12.6
00:01:40.57 2.6 16.4 12.6
00:01:41.08 2.6 16.3 12.6
00:01:41.59 2.6 16.3 12.6
00:01:42.10 2.6 16.3 12.6
00:01:42.61 2.6 16.3 12.6
00:01:43.12 2.6 16.3 12.6
00:01:43.63 2.6 16.3 12.6
00:01:44.14 2.6 16.3 12.6
00:01:44.65 2.6 16.3 12.6
00:01:45.16 2.6 16.3 12.6
00:01:45.67 2.6 16.3 12.6
00:01:46.18 2.6 16.3 12.6
00:01:46.69 2.6 16.3 12.6
00:01:47.20 2.6 16.3 12.7
00:01:47.71 2.6 16.3 12.7
00:01:48.22 2.6 16.3 12.7
00:01:48.73 2.6 16.3 12.7
00:01:49.24 2.6 16.3 12.7
00:01:49.75 2.6 16.3 12.7
00:01:50.26 2.6 16.3 12.7
00:01:50.77 2.6 16.3 12.7
00:01:51.28 2.6 16.3 12.7
00:01:51.79 2.6 16.3 12.7
00:01:52.30 2.6 16.3 12.7
00:01:52.81 2.6 16.3 12.7
00:01:53.32 2.6 16.3 12.7
00:01:53.83 2.6 16.3 12.7
00:01:54.34 2.6 16.3 12.7
00:01:54.85 2.6 16.3 12.8
00:01:55.36 2.6 16.3 12.8
00:01:55.87 2.6 16.3 12.8
00:01:56.38 2.6 16.3 12.8
00:01:56.89 2.6 16.3 12.8
00:01:57.40 2.6 16.3 12.8
00:01:57.91 2.6 16.3 12.8
00:01:58.42 2.6 16.3 12.8
00:01:58.93 2.6 16.3 12.8
00:01:59.44 2.6 16.3 12.8
00:01:59.95 2.6 16.3 12.8
00:02:00.46 2.6 16.3 12.9
00:02:00.97 2.6 16.3 12.9
00:02:01.48 2.6 16.3 12.9
00:02:01.99 2.6 16.3 12.8
00:02:02.50 2.6 16.3 12.8
00:02:03.01 2.6 16.3 12.9
00:02:03.52 2.6 16.3 12.9
00:02:04.03 2.6 16.3 12.9
00:02:04.54 2.6 16.3 12.9
00:02:05.05 2.6 16.3 12.9
00:02:05.56 2.6 16.3 12.9
00:02:06.07 2.6 16.2 12.9
00:02:06.58 2.6 16.2 12.9
00:02:07.09 2.6 16.2 12.9
00:02:07.60 2.6 16.3 12.9
00:02:08.11 2.6 16.3 12.9
00:02:08.62 2.6 16.2 12.9
00:02:09.13 2.6 16.2 13
00:02:09.64 2.6 16.2 13
00:02:10.15 2.6 16.2 13
00:02:10.66 2.6 16.2 13
00:02:11.17 2.6 16.2 13
00:02:11.68 2.6 16.2 13
00:02:12.19 2.6 16.2 13
00:02:12.70 2.6 16.2 13
00:02:13.21 2.6 16.2 13
00:02:13.72 2.6 16.2 13
00:02:14.23 2.6 16.2 13
00:02:14.74 2.6 16.2 13
00:02:15.25 2.6 16.2 13.1
00:02:15.76 2.6 16.2 13.1
00:02:16.27 2.6 16.2 13.1
00:02:16.78 2.6 16.2 13.1
00:02:17.29 2.6 16.2 13.1
00:02:17.80 2.6 16.2 13.1
00:02:18.31 2.6 16.2 13.1
00:02:18.82 2.6 16.2 13.1
00:02:19.33 2.6 16.2 13.1
00:02:19.84 2.6 16.2 13.2
00:02:20.35 2.6 16.2 13.2
00:02:20.86 2.4 16.2 13.1
00:02:21.37 2.4 14.8 12.4
00:02:21.88 2.2 10.3 12
00:02:22.39 3.6 5 10.2
00:02:22.90 3.9 -4.5 3.2
00:02:23.41 6.1 5 358.3
00:02:23.92 8.4 7.3 6.2
00:02:24.43 9.4 2.2 13.9
00:02:24.94 9.3 3.4 14.9
00:02:25.45 8.1 -1.9 13.2
00:02:25.96 8 -3.7 14.3
00:02:26.47 8.2 -4.8 13.8
00:02:26.98 7.6 -4.8 14.2
00:02:27.49 9.6 -7.4 15.2
00:02:28.00 10.7 -5.9 17
00:02:28.51 11 -4.4 16.5
00:02:29.02 10.3 -4.6 15.9
00:02:29.53 10.5 -4.1 16.1
00:02:30.04 9.9 -5.5 15.7
00:02:30.55 10.3 -4.2 15.5
00:02:31.06 10.3 -3.8 16.2
00:02:31.57 8.2 -4.5 16.6
00:02:32.08 7 -3.8 16.6
00:02:32.59 6.5 -3.5 18
00:02:33.10 7.6 -2.6 20.2
00:02:33.61 9.2 -2.1 20.6
00:02:34.12 6.9 -2.6 20.3
00:02:34.63 7.9 -2.3 19.1
00:02:35.14 7.4 -3 18.7
00:02:35.65 7.4 -2.8 18.8
00:02:36.16 7.1 -2.4 19.2
00:02:36.67 7.1 -2.3 19.6
00:02:37.18 7 -2.2 20
00:02:37.69 6.4 -1.6 20.7
00:02:38.20 5.2 -2.2 21.7
00:02:38.71 3.1 -2.7 22.8
00:02:39.22 2.9 -4.5 21.9
00:02:39.73 3.1 -4.4 21.9
00:02:40.24 3.9 -3.4 22.8
00:02:40.75 3.8 -3.3 22.7
00:02:41.26 3.7 -3.2 22.3
00:02:41.77 3.4 -3.2 22.3
00:02:42.28 3.1 -3.5 22.3
00:02:42.79 1.5 -4 22.5
00:02:43.30 3.4 -3.5 21.8
00:02:43.81 3.6 -3.3 22.3
00:02:44.32 4 -3.3 22.5
00:02:44.83 3.7 -2.9 22.7
00:02:45.34 4.6 -1.7 22.8
00:02:45.85 5.9 -2.6 24.8
00:02:46.36 7.2 -2.9 24.7
00:02:46.87 7.1 -5 23.7
00:02:47.38 8.8 -2.3 20.8
00:02:47.89 12.5 2.5 18.8
00:02:48.40 9.5 -1.7 19.4
00:02:48.91 11.4 -4 19.1
00:02:49.42 14.4 -8.2 20.5
00:02:49.93 13.7 -8.6 22.5
00:02:50.44 8 -3.8 17.2
00:02:50.95 4.6 -2.6 15
00:02:51.46 2.1 -1.7 14.6
00:02:51.97 -3.1 -2.6 16.1
00:02:52.48 -4.6 -6.2 20.9
00:02:52.99 -5.4 -6.8 21.3
00:02:53.50 -5.2 -7.4 27
00:02:54.01 -4.3 -5.6 28.7
00:02:54.52 -6.7 -8.1 30.8
00:02:55.03 -9.7 -8.9 31.3
00:02:55.54 -11.6 -9.3 34.8
00:02:56.05 -16 -6 37.6
00:02:56.56 -14.4 -3.4 26.5
00:02:57.07 -12.8 -4.6 26.7
00:02:57.58 -11.3 -4.6 26.6
00:02:58.09 -12.1 -6.5 27.5
00:02:58.60 -11.7 -7.1 28.2
00:02:59.11 -12.4 -7.3 28.7
00:02:59.62 -12.9 -7 28.8
00:03:00.13 -12.8 -6.3 24
00:03:00.64 -13 -8 21.4
00:03:01.15 -13.1 -7.1 21.3
00:03:01.66 -10.3 -5.9 20.4
00:03:02.17 -9.1 -5.1 20.6
00:03:02.68 -7.9 -2.7 18.4
00:03:03.19 -4.6 0.2 15.6
00:03:03.70 0.5 -1.8 15.2
00:03:04.21 1.6 0.6 13.6
00:03:04.72 2.1 2.2 13.2
00:03:05.23 1.5 3.9 12.8
00:03:05.74 1.1 5 12.9
00:03:06.25 1.4 4.9 14.5
00:03:06.76 1.7 5.4 16.2
00:03:07.27 1.5 5.3 16
00:03:07.78 1.5 5.5 15.9
00:03:08.29 1.2 4.7 15.6
00:03:08.80 -0.2 2.6 16.2
00:03:09.31 -0.3 0 17.4
00:03:09.82 0.4 -1.7 18.6
00:03:10.33 0.1 -1.1 18.3
00:03:10.84 1 1.6 17.8
00:03:11.35 1.3 3.3 17.2
00:03:11.86 1.2 3.6 16.7
00:03:12.37 0.2 9 12.2
00:03:12.88 6.4 22.5 359.6
00:03:13.39 5.2 19.3 4.2
00:03:13.90 1.9 32.5 12.8
00:03:14.41 7.7 33.6 19.1
00:03:14.92 10.8 41.2 12.9
00:03:15.43 5.3 42.5 5.5
00:03:15.94 5.3 51.6 6.3
00:03:16.45 4.2 52.1 7.6
00:03:16.96 4.4 51.5 8.1
00:03:17.47 4.2 52.2 7.6
00:03:17.98 4.3 52.5 7.5
00:03:18.49 4.4 52.9 7.5
00:03:19.00 4.6 53.5 7.4
00:03:19.51 4.2 53.6 6.4
00:03:20.02 0.4 52.8 6.3
00:03:20.53 1.3 52.5 5.3
00:03:21.04 2.2 53 5.8
00:03:21.55 3.2 53.8 6.1
00:03:22.06 6.8 49.3 14.7
00:03:22.57 2.2 54.1 5.5
00:03:23.08 4.6 57.3 4.4
00:03:23.59 4.4 58.3 5.3
00:03:24.10 5.1 57.8 4.1
00:03:24.61 3.5 51.7 3.6
00:03:25.12 3.7 50.8 3.5
00:03:25.63 3.9 51.5 3.5
00:03:26.14 3.8 51.4 3.1
00:03:26.65 3.9 51.7 3
00:03:27.16 4.8 51.8 3.8
00:03:27.67 5.2 53.4 4.3
00:03:28.18 27.4 85.4 15.5
00:03:28.69 29.8 114 19.1
00:03:29.20 24.5 116.9 19.7
00:03:29.71 24 117.1 19.7
00:03:30.22 40.1 123.1 355.8
00:03:30.73 52.8 139.6 338.6
00:03:31.24 -4.5 73.2 340.2
00:03:31.75 -22.5 14.5 342.2
00:03:32.26 -24.4 9.5 344.7
00:03:32.77 -8.6 11.1 350.5
00:03:33.28 -6.7 13.4 359
00:03:33.79 -24.2 11.1 340.3
00:03:34.30 -14.9 -3.7 353.1
00:03:34.81 -3 -2.9 4.2
00:03:35.32 0.6 -3 355.4
00:03:35.83 -3.1 15.9 355.3
00:03:36.34 -0.5 24.4 353.1
00:03:36.85 2.7 34.9 349.4
00:03:37.36 8.6 34.9 351.8
00:03:37.87 7.4 33.8 351.4
00:03:38.38 5.4 40.4 349.8
00:03:38.89 4.1 43.5 345.1
00:03:39.40 2.5 44.5 344.3
00:03:39.91 2.8 44 344.5
00:03:40.42 2.4 44.1 345.9
00:03:40.93 5.5 45.5 343.2
00:03:41.44 4 53.6 345.2
00:03:41.95 3.2 51.9 344
00:03:42.46 1.6 56.4 344.3
00:03:42.97 4.1 53.5 339.2
00:03:43.48 4.1 23.7 340
00:03:43.99 2.9 7.9 332.7
00:03:44.50 7.9 -2.8 336.7
00:03:45.01 8.8 -3.6 338.3
00:03:45.52 15.8 9.7 327.7
00:03:46.03 3.9 -6.7 332.6
00:03:46.54 -2 -22.5 335.7
00:03:47.05 -1.5 -32 335.7
00:03:47.56 1.7 -55.4 339.6
00:03:48.07 9.1 -17 338.3
00:03:48.58 12.3 5.9 340.7
00:03:49.09 15.6 11.4 339
00:03:49.60 14.4 8.7 335.2
00:03:50.11 1.5 -7.5 343.7
00:03:50.62 2.7 -9.3 346.5
00:03:51.13 3.8 -10.6 347.6
00:03:51.64 0.1 -14.3 345.8
00:03:52.15 -0.4 -8.5 348.6
00:03:52.66 1.7 -8.2 354.2
00:03:53.17 5.5 -3.8 346.7
00:03:53.68 7.5 12.4 338.6
00:03:54.19 8.8 14 332.9
00:03:54.70 5.6 9.4 333.9
00:03:55.21 0 4.7 327.1
00:03:55.72 11.6 -6.2 327.7
00:03:56.23 17 0.3 335.5
00:03:56.74 14.6 -7.9 326.9
00:03:57.25 10.5 -2.2 321.6
00:03:57.76 2.5 8.4 331.8
00:03:58.27 5.7 8.3 328.2
00:03:58.78 5.7 8.6 326.9
00:03:59.29 10.4 11.5 325.7
00:03:59.80 8.4 9.6 327.2
00:04:00.31 13 8.6 324.2
00:04:00.82 4.6 7 327.8
00:04:01.33 -0.4 5.3 330.6
00:04:01.84 3.6 4.6 325.9
00:04:02.35 0.6 13.1 330.2
00:04:02.86 1.3 10.7 325
00:04:03.37 4.3 10.1 325.4
00:04:03.88 2.4 4.4 327.7
00:04:04.39 -3.5 9.4 332
00:04:04.90 -1.2 9.1 332.6
00:04:05.41 -0.6 16.5 339.3
00:04:05.92 -1.3 19.3 340.1
00:04:06.43 17.4 -2.8 328.1
00:04:06.94 24.7 -13.1 333.3
00:04:07.45 21 -10.7 335.4
00:04:07.96 19.1 -12.1 332.4
00:04:08.47 14.4 -6 332.7
00:04:08.98 11.9 -4.1 332.2
00:04:09.49 7.1 6.8 331.7
00:04:10.00 -2.9 18.2 326.4
00:04:10.51 7.9 37.8 326.9
00:04:11.02 15.6 38.2 328.6
00:04:11.53 0.2 20 323.7
00:04:12.04 5.4 5.2 322.2
00:04:12.55 7.6 -0.9 322.2
00:04:13.06 6.8 -6.3 322.6
00:04:13.57 -9.2 7.2 324
00:04:14.08 -23.1 7.1 311.9
00:04:14.59 -23.2 6.8 309.4
00:04:15.10 -25.7 8.2 313.7
00:04:15.61 -30.7 13.5 324.9
00:04:16.12 -15.9 12.7 334.8
00:04:16.63 -18.1 13.9 340.5
00:04:17.14 -12.9 11.2 343.9
00:04:17.65 3.9 -1 0.7
00:04:18.16 -4.3 13.8 346.6
00:04:18.67 -2.4 18 348.6
00:04:19.18 0.7 9.3 349.3
00:04:19.69 -3.7 16.8 345.3
00:04:20.20 -6 13.8 350.5
00:04:20.71 2.4 19.6 342.2
00:04:21.22 2.3 22.3 343.9
00:04:21.73 3.4 23.4 343.3
00:04:22.24 3.2 21.9 342.5
00:04:22.75 2.3 20.4 341.4
00:04:23.26 3.2 23.6 339.1
00:04:23.77 2.4 26.7 338.7
00:04:24.28 2.9 28.3 338.8
00:04:24.79 2.3 28.8 339
00:04:25.30 1.8 28.5 340.2
00:04:25.81 2.3 27.3 341
00:04:26.32 1.9 27.9 341.6
00:04:26.83 2 27.3 341.6
00:04:27.34 2 27.1 341.8
00:04:27.85 3.3 27 343.3
00:04:28.36 3.4 25.9 342.9
00:04:28.87 3.7 25.3 342.6
00:04:29.38 3.2 26.1 342.4
00:04:29.89 2.9 25.9 342.1
00:04:30.40 2.5 26.6 342.1
00:04:30.91 1.4 27.1 342.4
00:04:31.42 0.8 27.3 342.8
00:04:31.93 1 27.1 342.7
00:04:32.44 0.9 26 343.1
00:04:32.95 0.9 26.2 343.3
00:04:33.46 0 26.8 343.4
00:04:33.97 -0.4 27.3 343.4
00:04:34.48 -0.5 27.5 343.4
00:04:34.99 -1 27.6 343.1
00:04:35.50 -0.9 27.3 343
00:04:36.01 -1.3 28.1 343.1
00:04:36.52 -1.4 28.3 343.1
00:04:37.03 -1.2 28.4 342.9
00:04:37.54 -1.1 28.5 342.7
00:04:38.05 -1.4 28.8 342.7
00:04:38.56 -1.2 28.2 342.4
00:04:39.07 -0.5 27.6 342.6
00:04:39.58 -0.2 30 340.6
00:04:40.09 -0.3 30.1 339.9
00:04:40.60 -0.7 30.7 339.4
00:04:41.11 -0.7 30.5 339
00:04:41.62 -0.6 29.9 339.2
00:04:42.13 -0.5 29.5 338.6
00:04:42.64 -0.5 29.4 338.4
00:04:43.15 -0.8 29.9 338.3
00:04:43.66 -0.9 30.1 337.7
00:04:44.17 -1.5 30.2 337.2
00:04:44.68 -1.3 29.9 336.4
00:04:45.19 -1.5 30.1 336.6
00:04:45.70 -1.4 30.7 337.1
00:04:46.21 -1.5 30.4 336.9
00:04:46.72 -1.7 30.2 336.8
00:04:47.23 -1.6 30.3 336.4
00:04:47.74 -1.6 29.8 335.9
00:04:48.25 -1.9 30.2 335.8
00:04:48.76 -1.9 30.8 336.1
00:04:49.27 -1.8 31.5 335.6
00:04:49.78 -1.7 31.2 335.7
00:04:50.29 -1.7 31.2 335.8
00:04:50.80 -1.5 31 335.2
00:04:51.31 0.7 30.3 333.5
00:04:51.82 0.6 30.6 333.1
00:04:52.33 0.7 30.2 332.9
00:04:52.84 1.5 30.2 330.9
00:04:53.35 1.7 30.6 331
00:04:53.86 2.3 30.4 329.7
00:04:54.37 4.4 30.1 327.4
00:04:54.88 5.1 30.1 327.9
00:04:55.39 6.2 30.2 326.9
00:04:55.90 5 30.8 327.5
00:04:56.41 5.4 28.9 329.7
00:04:56.92 4.6 27.6 332.3
00:04:57.43 3.4 27.1 335.1
00:04:57.94 1.8 27.8 336.9
00:04:58.45 1.2 27.3 337.6
00:04:58.96 1 27 337.7
00:04:59.47 0.6 26.9 337.8
00:04:59.98 0.7 27.1 338.1
00:05:00.49 0.6 27 338.1
00:05:01.00 0.7 27 338.2
00:05:01.51 0.9 26.9 338.4
00:05:02.02 0.6 27.1 338.5
00:05:02.53 0.4 27.2 338.6
00:05:03.04 0.3 27.2 338.7
00:05:03.55 0.3 27 338.7
00:05:04.06 0 27.2 338.8
00:05:04.57 0.2 27.1 338.8
00:05:05.08 0.1 27.1 338.9
00:05:05.59 0.1 27.2 338.7
00:05:06.10 1.8 26.3 337.8
00:05:06.61 5.3 22 338
00:05:07.12 4.3 22.3 340.3
00:05:07.63 3.9 22.8 340.9
00:05:08.14 3.6 23.6 342.3
00:05:08.65 3.6 24.1 342.9
00:05:09.16 1.8 23.9 339.9
00:05:09.67 1.3 23.6 340.6
00:05:10.18 1.1 24.8 340.2
00:05:10.69 -0.2 24.8 337
00:05:11.20 -2.4 23.2 337.1
00:05:11.71 -2 23.5 337.8
00:05:12.22 -1.3 22.7 336.6
00:05:12.73 -2.7 22.2 336.7
00:05:13.24 -3.2 20.9 338.1
00:05:13.75 -1.2 18 338.4
00:05:14.26 -0.6 16.6 337.9
00:05:14.77 0.5 18 336.6
00:05:15.28 0.5 20.4 335.9
00:05:15.79 -0.1 21.2 335.4
00:05:16.30 -0.1 19.7 333.1
00:05:16.81 -1 25.3 333.5
00:05:17.32 -0.2 23.8 332.4
00:05:17.83 3.2 22.7 329.2
00:05:18.34 1.9 20.8 331.5
00:05:18.85 2 12.9 337.9
00:05:19.36 2.2 7.5 339.7
00:05:19.87 1.7 9.1 342.2
00:05:20.38 2.8 11.2 342.6
00:05:20.89 2.4 11.9 344
00:05:21.40 6 21.6 350
00:05:21.91 0.8 15.2 351.1
00:05:22.42 7.1 17.5 347.9
00:05:22.93 1.4 17.5 353.2
00:05:23.44 5.5 17.6 347.9
00:05:23.95 4.3 24 348.5
00:05:24.46 4.5 32.6 345.9
00:05:24.97 -1.4 24.4 348
00:05:25.48 -1 21.1 349.3
00:05:25.99 6.8 15.4 341.3
00:05:26.50 6 15.5 341.5
00:05:27.01 -0.8 19.7 343.1
00:05:27.52 -6.7 24.1 349.6
00:05:28.03 -6.5 23.6 350.2
00:05:28.54 -6.9 23.4 351.3
00:05:29.05 -7.2 24.1 352.6
00:05:29.56 -5.9 21.9 352.9
00:05:30.07 -6.8 22.9 353.4
00:05:30.58 -7.4 22.7 354.4
00:05:31.09 -7.2 22.9 353.6
00:05:31.60 -6.7 24.8 351.4
00:05:32.11 -6.2 20.4 351.7
00:05:32.62 -6.1 18.2 352.3
00:05:33.13 -5.9 17.9 352.4
00:05:33.64 -5.8 17.4 352.6
00:05:34.15 -5.7 17 352.6
00:05:34.66 -5.5 17.4 352.3
00:05:35.17 -5.4 16.2 352.1
00:05:35.68 -4.8 16.7 351.2
00:05:36.19 -5.7 19.8 349
00:05:36.70 -2.4 25 346.6
00:05:37.21 -3.4 20 346.2
00:05:37.72 -5.4 22.9 348.5
00:05:38.23 -5.3 25 349.4
00:05:38.74 -4.6 29 348.2
00:05:39.25 -2.6 33.5 344.3
00:05:39.76 -3.1 23.7 340.4
00:05:40.27 -5.9 13.1 343.5
00:05:40.78 3.3 3.4 341.2
00:05:41.29 -0.1 11.8 342.4
00:05:41.80 8.1 5.7 337.1
00:05:42.31 2.6 9.8 342.5
00:05:42.82 0.9 5 346.9
00:05:43.33 0.5 3.8 347.5
00:05:43.84 4.2 12.9 347.2
00:05:44.35 4.6 1.4 344.3
00:05:44.86 0.1 3.1 334.3
00:05:45.37 -7 -7.8 326.7
00:05:45.88 -13.6 -7.8 333
00:05:46.39 -14.4 -7.9 337.9
00:05:46.90 -11.5 -13.5 330.8
00:05:47.41 -16.8 -22.5 324.6
00:05:47.92 -8.9 -5.8 338.3
00:05:48.43 -3.5 -2.1 343.3
00:05:48.94 0.4 -7.7 343.4
00:05:49.45 1.6 -11.4 335.8
00:05:49.96 9.9 1.7 326.1
00:05:50.47 -2.6 -9.2 331.9
00:05:50.98 -1.3 -7 323.7
00:05:51.49 -7.4 -0.5 328.7
00:05:52.00 -4.1 2.1 331.4
00:05:52.51 -5.3 7.6 331.7
00:05:53.02 4.8 19.4 337.6
00:05:53.53 0.8 23.8 339.5
00:05:54.04 1.9 11.4 336.2
00:05:54.55 6.4 8 336.4
00:05:55.06 2.6 3.2 339.6
00:05:55.57 -5.4 2.9 342.7
00:05:56.08 -11.4 -1 346.1
00:05:56.59 -7.5 -1.3 353.5
00:05:57.10 -4.4 -0.7 351.6
00:05:57.61 -3.9 0.9 351.9
00:05:58.12 -4.3 0.7 350.8
00:05:58.63 -5.6 2.6 352.2
00:05:59.14 -3.9 -1.3 351.5
00:05:59.65 -3.1 -2.1 353.1
00:06:00.16 -3.3 -5.6 2.5
00:06:00.67 -8.1 -1.9 356.6
00:06:01.18 -7 -3.5 353.1
00:06:01.69 -7.8 -3.7 358.8
00:06:02.20 -7.4 -3.1 358.1
00:06:02.71 -2.6 2.5 351.4
00:06:03.22 -3.2 6.1 353.4
00:06:03.73 -3 4.5 355.2
00:06:04.24 -0.7 4.3 2.1
00:06:04.75 -5.5 3.3 0.5
00:06:05.26 -5.9 2.1 2.7
00:06:05.77 -5 1.9 2.8
00:06:06.28 -5.3 2.4 3.3
00:06:06.79 -5.1 2.2 3.2
00:06:07.30 -4.8 1.9 3.5
00:06:07.81 -4 1.7 3.6
00:06:08.32 -4 1.5 3.7
00:06:08.83 -4.3 1.8 3.8
00:06:09.34 -4.6 2.3 3.8
00:06:09.85 -4.6 2.8 3.8
00:06:10.36 -4.8 2.9 3.7
00:06:10.87 -4.5 2.5 3.7
00:06:11.38 -4.3 2.8 3.8
00:06:11.89 -4.2 2.6 3.8
00:06:12.40 -4.5 2.9 4
00:06:12.91 -4.6 2.6 5.8
00:06:13.42 -2.7 2.5 4.9
00:06:13.93 -3.4 2.8 4.6
00:06:14.44 -3.7 3.1 4.8
00:06:14.95 -3.4 3.7 5
00:06:15.46 -3.8 3.6 5.2
00:06:15.97 -3.3 3.6 5.5
00:06:16.48 -3.8 2.4 5.3
00:06:16.99 -4 2.7 5.3
00:06:17.50 -4 1.9 5.5
00:06:18.01 -4.1 1.7 5.6
00:06:18.52 -3.5 1.6 5.1
00:06:19.03 -3.2 1.8 5.4
00:06:19.54 -3.2 1.7 5.5
00:06:20.05 -2.8 1 5.6
00:06:20.56 -2.4 0.7 5.3
00:06:21.07 -2.1 0.5 5
00:06:21.58 -1.6 0.3 4.8
00:06:22.09 -1.3 0 4.7
00:06:22.60 -0.6 0.1 4.4
00:06:23.11 -0.2 0.3 3.1
00:06:23.62 0.2 -0.3 3.9
00:06:24.13 0.5 -0.4 4.5
00:06:24.64 0.5 -0.2 4.7
00:06:25.15 -0.1 -0.4 4.9
00:06:25.66 0 -0.6 6.1
00:06:26.17 -0.1 -0.5 6.5
00:06:26.68 0.2 0.2 6.5
00:06:27.19 -0.1 0.8 6.2
00:06:27.70 -0.2 1.1 6
00:06:28.21 -0.1 1.2 5.9
00:06:28.72 -0.6 0.7 4.9
00:06:29.23 -3.9 -1.5 336.8
00:06:29.74 -1.6 -2.9 301.3
00:06:30.25 0.7 -0.7 271.1
00:06:30.76 0.8 0.9 262.9
00:06:31.27 0.9 1.1 261.6
00:06:31.78 1.2 0.5 261.5
00:06:32.29 2.4 -0.1 266.8
00:06:32.80 13.2 -4.8 301.8
00:06:33.31 2.7 -5.3 337.3
00:06:33.82 0.6 -2.3 355.2
00:06:34.33 2.9 -2.7 359.6
00:06:34.84 3.3 -4.1 0.6
00:06:35.35 2.6 -4.3 0.7
00:06:35.86 1.6 -4.9 0.5
00:06:36.37 0.7 -4.8 0.5
00:06:36.88 -0.3 -1.1 0.4
00:06:37.39 -1.7 3.3 0.6
00:06:37.90 -1.6 4.6 0.6
00:06:38.41 -1.3 4.6 0.3
00:06:38.92 -1.1 3 0.3
00:06:39.43 -0.9 1.9 0.3
00:06:39.94 -0.8 1.1 0.3
00:06:40.45 -0.8 0.3 0.4
00:06:40.96 -0.7 -0.7 0.3
00:06:41.47 -0.5 -0.9 0.3
00:06:41.98 -0.3 -1.5 0.2
00:06:42.49 0.2 -1 0.2
00:06:43.00 0.6 -0.3 0.1
00:06:43.51 0.8 0 0.1
00:06:44.02 0.4 -0.1 0.1
00:06:44.53 -8.1 5.9 0.4
00:06:45.04 -12.9 8.7 0.3
00:06:45.55 -8.1 4.5 359.8
00:06:46.06 -5.3 1.9 359.6
00:06:46.57 -5.1 2 359.8
00:06:47.08 -6 3.1 360
00:06:47.59 -6.7 4.4 0
00:06:48.10 -7.3 5.2 0
00:06:48.61 -8.3 5.8 360
00:06:49.12 -9.5 6.6 0
00:06:49.63 -10.7 7 360
00:06:50.14 -12.2 7.8 359.9
00:06:50.65 -13.5 8.7 359.9
00:06:51.16 -14.9 9.8 0
00:06:51.67 -16.8 10.9 0.2
00:06:52.18 -19 12.3 0.3
00:06:52.69 -21.4 13.4 0.5
00:06:53.20 -24.5 14.9 0.9
00:06:53.71 -27.6 16.6 1.1
00:06:54.22 -26.7 14 0
00:06:54.73 -21.5 8.9 359.2
00:06:55.24 -19.7 8.5 359.1
00:06:55.75 -21.1 10.5 359.4
00:06:56.26 -21.1 11.5 359.4
00:06:56.77 -20.7 11.8 359.7
00:06:57.28 -20.7 12.2 359.8
00:06:57.79 -21.6 12.6 0.3
00:06:58.30 -21.2 12 0.1
00:06:58.81 -21.6 11.8 0.2
00:06:59.32 -20.9 11.2 0
00:06:59.83 -11.8 4.2 358.9
00:07:00.34 -3.1 -1.4 358.3
00:07:00.85 2.1 -3.1 358.8
00:07:01.36 5.7 -4.3 359.7
00:07:01.87 5.8 -3.3 0.1
00:07:02.38 8.8 -3.3 0.6
00:07:02.89 10.7 -6.8 0.8
00:07:03.40 14 -6.6 1.1
00:07:03.91 11 -4.1 1
00:07:04.42 6.3 -1.9 1
00:07:04.93 2.5 -0.6 0.9
00:07:05.44 -5.5 8.9 1.1
00:07:05.95 -10 14.4 1
00:07:06.46 -7.1 9.2 0.1
00:07:06.97 -4.4 5.9 0.1
00:07:07.48 -3.6 6.2 0.3
00:07:07.99 -3.6 7.9 0.3
00:07:08.50 -3.9 9.2 0.4
00:07:09.01 -4.2 10.5 0.4
00:07:09.52 -4.5 11.8 0.3
00:07:10.03 -4.9 13.2 0.2
00:07:10.54 -5.6 14.7 0
00:07:11.05 -6.2 16.5 359.9
00:07:11.56 -7.2 18.4 0.1
00:07:12.07 -8.6 21.4 0.2
00:07:12.58 -9.7 24.2 0.4
00:07:13.09 -10.9 27 0.3
00:07:13.60 -12.2 30.2 0.3
00:07:14.11 -12.8 29.7 360
00:07:14.62 -11.1 22.7 359.5
00:07:15.13 -9.7 19.2 359.7
00:07:15.64 -10 19.1 360
00:07:16.15 -10.6 20.2 360
00:07:16.66 -10.7 20.9 359.8
00:07:17.17 -10.7 21.3 359.8
00:07:17.68 -10.4 21.2 359.9
00:07:18.19 -10.6 21.4 360
00:07:18.70 -10.8 21.5 360
00:07:19.21 -11.1 21.8 360
00:07:19.72 -11.1 21.8 359.9
00:07:20.23 -11.1 21.8 359.9
00:07:20.74 -11 21.7 359.8
00:07:21.25 -11.2 21.5 359.8
00:07:21.76 -10.4 19.2 359.6
00:07:22.27 -5.8 6.5 359.3
00:07:22.78 -2.5 -2.8 359.7
00:07:23.29 -0.1 -7.3 358.9
00:07:23.80 1 -9 358.6
00:07:24.31 2.2 -9.2 360
00:07:24.82 4.1 -11.6 1.4
00:07:25.33 5.7 -11.6 0.9
00:07:25.84 5.3 -9.6 359.9
00:07:26.35 3.4 -6.3 359.6
00:07:26.86 1.5 -3.4 359.6
00:07:27.37 0.4 -1.6 0.8
00:07:27.88 12.1 -0.8 30.2
00:07:28.39 7.5 -6.3 66.3
00:07:28.90 1 -4.5 92.5
00:07:29.41 0 -2.6 98.8
00:07:29.92 0.4 -2.5 100.1
00:07:30.43 0.6 -2.7 100.4
00:07:30.94 0.4 -3.2 100.4
00:07:31.45 0 -3.8 100.5
00:07:31.96 -0.3 -4.7 100.4
00:07:32.47 -0.8 -5 100.5
00:07:32.98 -1.1 -3.7 100.5
00:07:33.49 -1.5 -1.7 100.5
00:07:34.00 -1.4 1.5 100.4
00:07:34.51 -1.1 4.8 100.3
00:07:35.02 -1 5.7 100.3
00:07:35.53 -0.7 4.8 100.3
00:07:36.04 -0.6 3.1 100.4
00:07:36.55 -0.5 1.8 100.5
00:07:37.06 -8.6 -2.4 83.2
00:07:37.57 -6.2 -10.1 47
00:07:38.08 0.3 -7.5 28.4
00:07:38.59 1.2 -5.2 24.4
00:07:39.10 1.1 -5.7 23.8
00:07:39.61 0.8 -7.1 23.9
00:07:40.12 0.7 -8.3 24.1
00:07:40.63 0.5 -8.9 24.2
00:07:41.14 0.1 -10.1 24.2
00:07:41.65 -0.1 -11 24.3
00:07:42.16 0.1 -12.2 24.2
00:07:42.67 0.3 -13.5 24.2
00:07:43.18 0.4 -14.9 24.2
00:07:43.69 0.3 -16.5 24.1
00:07:44.20 0.4 -18.7 24.1
00:07:44.71 0.2 -21.7 23.9
00:07:45.22 0.3 -24.1 24
00:07:45.73 0.3 -26.9 23.9
00:07:46.24 0.6 -30.6 23.9
00:07:46.75 0.9 -34.6 23.6
00:07:47.26 0.9 -33.4 23.4
00:07:47.77 0.6 -27 23.7
00:07:48.28 0.4 -24.6 24.2
00:07:48.79 0.3 -24.9 24.4
00:07:49.30 0.7 -25.1 24.6
00:07:49.81 0.6 -25.7 24.4
00:07:50.32 0.2 -25.6 24.4
00:07:50.83 -0.5 -26.1 24.4
00:07:51.34 -0.6 -26 24.6
00:07:51.85 -0.6 -26.4 24.7
00:07:52.36 -0.5 -26.7 24.7
00:07:52.87 -0.6 -27.3 24.7
00:07:53.38 -0.5 -27.4 24.8
00:07:53.89 -0.3 -27.6 24.8
00:07:54.40 -0.2 -26.4 24.7
00:07:54.91 -0.2 -16.5 24.8
00:07:55.42 -0.2 -3.5 24.7
00:07:55.93 -0.6 4.4 25.1
00:07:56.44 -0.9 10.1 25
00:07:56.95 -0.9 7.9 25.2
00:07:57.46 -0.7 6.7 24.8
00:07:57.97 -0.9 9.3 24.6
00:07:58.48 -0.9 9.4 24.8
00:07:58.99 -0.8 6.9 24.9
00:07:59.50 -0.6 3.8 24.9
00:08:00.01 -0.7 0.8 25
00:08:00.52 1.5 -5.3 17.3
00:08:01.03 12.5 -15.3 4.2
00:08:01.54 9.4 -10 0.1
00:08:02.05 5.8 -6.7 359.6
00:08:02.56 5.8 -6.7 359.6
00:08:03.07 7 -8 359.6
00:08:03.58 7.9 -8.9 359.5
00:08:04.09 8.9 -9.8 359.3
00:08:04.60 9.7 -10.6 359.2
00:08:05.11 10.9 -11.7 359.3
00:08:05.62 12 -12.6 359.4
00:08:06.13 13.9 -13.7 359.7
00:08:06.64 15.7 -14.9 359.9
00:08:07.15 18 -16.7 0.1
00:08:07.66 20.2 -18.3 0.1
00:08:08.17 22.6 -20.7 0.3
00:08:08.68 25.5 -22.6 0.6
00:08:09.19 23.5 -19.1 359.2
00:08:09.70 18.6 -14.2 359
00:08:10.21 18 -15.3 359.4
00:08:10.72 18.9 -16.5 359.8
00:08:11.23 19.5 -17 359.8
00:08:11.74 19.2 -17.3 359.7
00:08:12.25 18.8 -17.6 359.7
00:08:12.76 18.9 -17.8 359.9
00:08:13.27 19.4 -18.1 359.9
00:08:13.78 18.7 -17.2 359.6
00:08:14.29 10.7 -9.6 358.4
00:08:14.80 2.8 -2.1 358.8
00:08:15.31 -1.8 1.3 359.3
00:08:15.82 -4.8 3.2 358.9
00:08:16.33 -5.7 4.1 358.2
00:08:16.84 -7.5 6.5 358.1
00:08:17.35 -11.3 9.5 359.8
00:08:17.86 -12.8 7.2 1.1
00:08:18.37 -8.6 2.9 1.2
00:08:18.88 -3.5 -0.1 1.1
00:08:19.39 -0.4 -1.2 1
00:08:19.90 -9.1 4 1
00:08:20.41 -9.6 3.6 0.7
00:08:20.92 -5 0.6 0.5
00:08:21.43 -1.9 -0.5 0.5
00:08:21.94 -0.1 -0.6 0.4
00:08:22.45 0.3 -0.4 0.4
00:08:22.96 0.1 -0.1 0.3
00:08:23.47 -0.2 0.1 0.2
00:08:23.98 -0.5 0.1 0.2
00:08:24.49 -0.6 0.3 0.1
00:08:25.00 -1.1 0.4 0.1
00:08:25.51 -1.4 0.4 0.1
00:08:26.02 -1.5 0.7 0.1
00:08:26.53 -1.4 0.9 0
00:08:27.04 -1.4 1.1 0.1
00:08:27.55 -1.4 1.3 0
00:08:28.06 -1.4 1.7 359.9
00:08:28.57 -1.6 1.9 360
00:08:29.08 -1.4 1.7 359.9
00:08:29.59 0.6 0 359.9
00:08:30.10 2.5 -1.4 0.1
00:08:30.61 2.8 -1.5 0.1
00:08:31.12 2.4 -1.4 0.1
00:08:31.63 2.1 -0.2 0.2
00:08:32.14 0.4 -0.3 0.2
00:08:32.65 -0.2 0.3 359.6
00:08:33.16 -0.5 0.4 358.8
00:08:33.67 0.3 -1.4 359.7
00:08:34.18 0.7 -0.6 359.8
00:08:34.69 0 -1.9 1.4
00:08:35.20 -1.6 -2.3 2.1
00:08:35.71 -0.8 -0.6 0.5
00:08:36.22 0.1 -0.6 358.7
00:08:36.73 1 -0.3 358.6
00:08:37.24 0.7 -1.3 357.9
00:08:37.75 -0.5 -0.7 357.8
00:08:38.26 -1.3 -1.6 358.7
00:08:38.77 -1 -1.3 359.4
00:08:39.28 -0.7 -1.4 359.6
00:08:39.79 0 -0.8 359.9
00:08:40.30 0.6 -1.4 0.6
00:08:40.81 1.4 -1.2 0.2
00:08:41.32 -0.2 -0.3 359.8
00:08:41.83 -0.4 -0.4 359.5
00:08:42.34 -0.6 -1 359.5
00:08:42.85 -0.7 -1.7 359.6
00:08:43.36 -0.2 -2.1 0.1
00:08:43.87 -0.1 -1.9 0.4
00:08:44.38 -0.3 -1 0.5
00:08:44.89 -0.4 -0.6 0.3
00:08:45.40 -0.2 -0.4 0.4
00:08:45.91 0.3 -0.7 0.5
00:08:46.42 0.2 -0.8 0.4
00:08:46.93 -0.2 -0.4 0.1
00:08:47.44 -0.5 -0.2 0
00:08:47.95 -0.5 -0.7 360
00:08:48.46 -1.1 -0.4 0.2
00:08:48.97 -1.1 -0.1 0.2
00:08:49.48 -0.7 0 0.3
00:08:49.99 -0.2 -0.4 0.4
00:08:50.50 0.2 -0.5 0.4
00:08:51.01 0.3 -0.6 0.3
00:08:51.52 0.2 -0.6 0.2
00:08:52.03 0.1 -0.5 0.1
00:08:52.54 -0.1 -0.3 0.1
00:08:53.05 -0.1 -0.1 0.2
00:08:53.56 0.4 -0.2 0.2
00:08:54.07 0.4 -0.5 0.3
00:08:54.58 0.5 -0.1 0.3
00:08:55.09 0.6 0.1 0.4
00:08:55.60 0.2 0.5 0.5
00:08:56.11 -0.6 -0.2 0.6
00:08:56.62 -1.1 -0.8 0.6
00:08:57.13 0 -0.1 0.4
00:08:57.64 0.6 0.6 0.8
00:08:58.15 -0.9 -0.7 0.7
00:08:58.66 0.4 -0.1 0.2
00:08:59.17 -0.2 -0.7 0.6
00:08:59.68 -0.2 -0.5 0.7
00:09:00.19 0.3 0.2 0.5
00:09:00.70 -0.1 0.3 0.5
00:09:01.21 -1.3 -0.2 0.4
00:09:01.72 -0.7 -0.3 359.9
00:09:02.23 0.6 0.3 359.3
00:09:02.74 0.5 0.7 359.2
00:09:03.25 0.1 0.8 359.2
00:09:03.76 0.5 1.3 359.4
00:09:04.27 0 0.8 359.8
00:09:04.78 0.1 0.3 359.8
00:09:05.29 0.6 0.4 359.5
00:09:05.80 -0.1 0.2 359.7
00:09:06.31 0.1 0.3 359.7
00:09:06.82 0.1 -0.1 359.5
00:09:07.33 0.1 -0.1 359.5
00:09:07.84 0.5 0.2 359.2
00:09:08.35 0.5 0.8 359
00:09:08.86 0 1.7 359.2
00:09:09.37 -1.8 -0.1 4.8
00:09:09.88 -1.2 1.1 6.7
00:09:10.39 -2 2.5 6.8
00:09:10.90 -0.8 2.3 6.7
00:09:11.41 -5.1 2.4 10.8
00:09:11.92 -1.9 0.7 4.7
00:09:12.43 -6.9 1 8
00:09:12.94 -18.5 4.7 12.3
00:09:13.45 -8.6 0.5 7.3
00:09:13.96 -7.5 9.3 342
00:09:14.47 -14.5 14.5 344.4
00:09:14.98 -14.6 10.7 306.8
00:09:15.49 31.3 11.9 219.5
00:09:16.00 48.2 12.7 168.3
00:09:16.51 48.8 11 160.8
00:09:17.02 47 11.3 150.9
00:09:17.53 43.6 10.6 148.2
00:09:18.04 43.3 4.9 148.5
00:09:18.55 51.4 9.7 141.3
00:09:19.06 46.2 3.2 141.3
00:09:19.57 37.7 2.5 143.5
00:09:20.08 41 3.2 140.7
00:09:20.59 44.1 1 138.2
00:09:21.10 46.8 -2.5 159.8
00:09:21.61 44.5 -0.7 182.4
00:09:22.12 44.5 -2.1 207.3
00:09:22.63 39.8 3.9 226.3
00:09:23.14 42.4 2.6 255.8
00:09:23.65 34.3 1.1 292.1
00:09:24.16 14.6 4.5 308.5
00:09:24.67 -6.6 5.4 292.4
00:09:25.18 -6.1 -2.3 222.9
00:09:25.69 12.9 -17 150.5
00:09:26.20 31.1 12.5 130.7
00:09:26.71 39.2 13.8 156.5
00:09:27.22 37.2 9.2 172.4
00:09:27.73 44.6 -7.3 236.6
00:09:28.24 24.1 -27.7 275.9
00:09:28.75 20.7 -39 281.6
00:09:29.26 25.1 -37.6 255.4
00:09:29.77 31.1 -32 255.2
00:09:30.28 35.5 -39.7 254.9
00:09:30.79 32.1 -40.3 240.9
00:09:31.30 21.7 -37.4 239.6
00:09:31.81 10.6 -20.2 231
00:09:32.32 33.3 0.5 226
00:09:32.83 43.1 -7 218.1
00:09:33.34 39.5 -14.6 214.4
00:09:33.85 9 -27.5 229.8
00:09:34.36 -4.8 -15.2 230.6
00:09:34.87 -8 -8.8 240.5
00:09:35.38 -1.9 -12.8 243.4
00:09:35.89 2.4 -11.5 246.3
00:09:36.40 2.9 -8.6 258.5
00:09:36.91 3.5 -17.9 257.9
00:09:37.42 -1.6 -18.3 271
00:09:37.93 -3.6 -18.6 273.6
00:09:38.44 -1.8 -18.3 278
00:09:38.95 -9 -6.7 292.4
00:09:39.46 2.6 -11.2 327.5
00:09:39.97 11.2 -4.4 335.4
00:09:40.48 33.5 -0.3 318.4
00:09:40.99 30.7 -0.3 317.5
00:09:41.50 31.4 4.1 311.5
00:09:42.01 30.2 9.8 305.7
00:09:42.52 27.9 0.8 317
00:09:43.03 31.5 -6.3 343.2
00:09:43.54 26.8 -6.3 347.8
00:09:44.05 27.9 -0.1 343.6
00:09:44.56 27.3 -2.6 346.7
00:09:45.07 27.1 -4.3 348.1
00:09:45.58 26.4 -4.3 348.3
00:09:46.09 25.1 -3.8 348.2
00:09:46.60 23.2 -3.4 348.1
00:09:47.11 22.7 -3.1 348.5
00:09:47.62 19.7 1.3 347.2
00:09:48.13 13.3 4.9 338.8
00:09:48.64 8.1 -6.3 343.3
00:09:49.15 12.7 -7.3 349
00:09:49.66 36.2 -30.5 0.3
00:09:50.17 38.1 -25.1 2.7
00:09:50.68 41.6 -23.2 358.1
00:09:51.19 50.5 -19.8 352.4
00:09:51.70 50.5 -13.5 341.6
00:09:52.21 67.2 -36.8 24.3
00:09:52.72 86.9 -2.2 0.5
00:09:53.23 82.7 137.5 228.6
00:09:53.74 86 173.2 205.8
00:09:54.25 88 -2.3 19.2
00:09:54.76 85.1 -5.2 20.1
00:09:55.27 71.1 -179.7 149.9
00:09:55.78 63.3 -177 144.9
00:09:56.29 59.8 -176.3 148.9
00:09:56.80 62.4 -177.7 153.6
00:09:57.31 64.3 -178.6 154.6
00:09:57.82 64.3 -179.5 156
00:09:58.33 65.4 173.9 170.6
00:09:58.84 67.2 176.5 165.8
00:09:59.35 70.5 -175 148.8
00:09:59.86 71.9 -173 140.6
00:10:00.37 73.6 -173.6 140.1
00:10:00.88 73.4 -175.2 145.3
00:10:01.39 75.2 -174.4 140.3
00:10:01.90 75.4 -176.3 145.8
00:10:02.41 72.8 -176.9 149.6
00:10:02.92 68.3 -174.7 146.6
00:10:03.43 64.2 -176.5 152.2
00:10:03.94 68.1 -179.5 158.4
00:10:04.45 74.8 26.6 273.3
00:10:04.96 34.4 56.3 268
00:10:05.47 33.2 26.9 293.2
00:10:05.98 45.4 -5.8 338.5
00:10:06.49 20.2 -13.6 343.2
00:10:07.00 28 6.9 314.2
00:10:07.51 16.1 29.3 284.5
00:10:08.02 12.9 30.7 274.5
00:10:08.53 9.1 30 263.4
00:10:09.04 8 28.8 248.3
00:10:09.55 23.1 18 237.2
00:10:10.06 29.8 0 240.9
00:10:10.57 23.8 -4.3 237
00:10:11.08 38.3 -12.8 245.3
00:10:11.59 37.1 -16.2 245.9
00:10:12.10 35.7 -12.5 239.8
00:10:12.61 35 -12.7 237.1
00:10:13.12 33.3 -14.7 236.1
00:10:13.63 29.3 -16.7 237.6
00:10:14.14 22.8 -19.8 242.6

